[
  {
    "key": "vip",
    "values": [[1436659200, 3],[1437264000, 12],[1437868800, 8],[1438473600, 22],[1439078400, 11],[1439683200, 5], [1440288000, 16], [1440892800, 1],[1448150400, 1] ,[1448755200, 5],[1450569600, 6], [1451174400, 5],[1451779200,1]]
  },
  {
    "key": "ui",
    "values": [[1451779200000, 3],[1452384000000,7],[1452988800000, 11],[1453593600000, 15], [1456012800000, 1],[1456617600000,8],[1457222400000, 10],[1457827200000, 5],[1458432000000, 2],[1459036800000,8],[1459641600000,3],[1460246400000, 7],[1460851200000,3]]
  },
  {
    "repo": "home",
    "values": [[1426377600000, 1],[1426982400000,6],[1428192000000,15],[1428796800000, 19],[1429401600000, 11],[1430006400000, 9],[430611200000, 26],[1431216000000, 4],[1431820800000, 2]]
  },
{
    "key" : "search",
    "values": [[1442707200000, 2],[1443312000000, 1],[1443916800000,1],[1444521600000, 3], [1446336000000, 2],[1446940800000, 3],[1447545600000,4],[1448150400000, 2]]
  },
    {
    "key" : "sdk",
    "values": [[1435449600000,3],[1439683200000, 1],[1446940800000,1],[1447545600000,3],[1448150400000,5],[1451174400000,1],[1451779200000, 1],[1452988800000,1],[1453593600000, 1],[1457222400000,1],[1460851200000,1]]
  },
  {
    "key": "ios",
    "values": [[1426377600000,5],[1426982400000,1],[1427587200000,1],[1429401600000,3],[1430006400000,2],[1430611200000,3],[1431216000000,2],[1431820800000,8],[1432425600000,2],[1433030400000,3],[1433635200000,5],[1434240000000,5],[1434844800000,9],[1435449600000,4],[1436054400000,3],[1436659200000,1],[1438473600000,1],[1439078400000,1],[1440892800000,6],[1441497600000,3],[1442102400000,3],[1442707200000,1],[1443312000000,4],[1443916800000,6],[1444521600000,3],[1448755200000,3],[1449360000000,1],[1451779200000,3],[1459036800000,1]]
  },

  {
    "repo" : "analytics",
    "time": 1424563200,
    "commits": 12
  },
  {
    "repo" : "analytics",
    "time": 1425168000,
    "commits": 4
  },
  {
    "repo" : "analytics",
    "time": 1425772800,
    "commits": 4
  },
  {
    "repo" : "analytics",
    "time": 1426377600,
    "commits": 3
  }
]





